ScrewLat1
-5.06597122196,-263.913960924,-171.831598936
19.0559565457,-267.941842559,-174.998271290
-4.10811505332,-264.073903832,-171.957344137
-0.915261157874,-264.607046858,-172.376494806
2.0
ScrewLat2
-25.9781050572,-282.052729656,-93.1818031296
36.9658162148,-265.638564669,-87.9282972207
-24.4701775049,-281.659500713,-93.0559465553
-20.7003586242,-280.676428356,-92.7413051195
2.0
ScrewLat3
-6.34294941336,-264.504148193,-162.377088064
21.2685743687,-264.761797090,-165.102488431
-5.72190552950,-264.509943284,-162.438388311
-2.61668611020,-264.538918735,-162.744889546
2.0
ScrewLat4
-11.8421100937,-264.508841846,-134.925181766
24.0311946925,-259.118221038,-129.383071321
-11.2526055763,-264.420257999,-134.834108497
-8.30508298924,-263.977338768,-134.378742151
2.0
ScrewLat5
-29.3009786114,-277.455830637,-94.1564261031
27.2892298153,-244.553883597,-84.9965784822
-28.7829161179,-277.154625443,-94.0725710754
-26.1926036505,-275.648599472,-93.6532959366
2.0
ScrewLat6
-33.3407766439,-263.366393583,-94.4074182831
32.0025090260,-248.504700949,-90.2713451440
-32.7904199338,-263.241220320,-94.3725820244
-30.0386363833,-262.615354006,-94.1984007307
2.0
ScrewLat7
-30.3816547898,-268.893285309,-105.151502909
31.3389932658,-271.323028533,-104.982090287
-29.4559670697,-268.929726654,-105.148962055
-26.3703413358,-269.051197806,-105.140492540
2.0
ScrewLat8
-21.9263908320,-285.993365544,-96.6820419400
36.4199446546,-273.013544017,-90.2466086419
-20.0060217399,-285.566157085,-96.4702307423
-15.2050990096,-284.498135937,-95.9407027481
2.0
ScrewLat9
-17.7600337484,-259.207893938,-120.809876601
9.19079528307,-282.783478254,-124.409015838
-16.4008800362,-260.396831128,-120.991384318
-13.6825726119,-262.774705508,-121.354399753
2.0
ScrewLat10
-23.7809104753,-266.736325189,-117.062580798
22.4187536187,-250.751169707,-110.700746939
-21.7783725586,-266.043443962,-116.786825254
-17.7732967251,-264.657681507,-116.235314165
2.0
