ScrewMed1
19.8728260220,-248.292596529,-144.158006995
0.205571855936,-284.082567055,-149.936914074
19.7302736964,-248.552009637,-144.199893709
18.3047504401,-251.146140719,-144.618760845
2.0
ScrewMed2
14.2204291051,-238.096037617,-86.4701090712
18.2978815800,-275.116633985,-129.413821756
14.3627068191,-239.387826020,-87.9685773696
14.6472622471,-241.971402827,-90.9655139663
2.0
ScrewMed3
13.6843247456,-237.726240081,-94.3965196913
-20.6528365139,-281.563286880,-101.310302703
12.6196016579,-239.085534621,-94.6109015483
9.95779393847,-242.483770971,-95.1468561909
2.0
ScrewMed4
33.0842513424,-246.195272788,-93.8990712445
5.69534549845,-290.169361875,-106.030718855
32.3813943739,-247.323740465,-94.2103948553
30.6242519526,-250.144909657,-94.9887038823
2.0
ScrewMed5
14.4934149034,-240.107599636,-103.371213786
-12.0327722690,-284.534991568,-112.163571679
12.8888924569,-242.794934500,-103.903048064
10.2146883793,-247.273825940,-104.789438527
2.0
ScrewMed6
20.2166473122,-247.552541395,-152.971262147
-4.19229190945,-277.034859629,-159.100189151
20.0287130851,-247.779537605,-153.018451218
18.1493708138,-250.049499704,-153.490341925
2.0
ScrewMed7
36.8028502841,-250.055015563,-85.8482574856
-20.6629192450,-281.215003974,-108.143408479
36.5473128593,-250.193577062,-85.9473990358
33.9919386107,-251.579192057,-86.9388145373
2.0
ScrewMed8
14.5921444206,-246.358825451,-116.429643144
18.9034407350,-273.610572987,-134.255912105
14.8488082403,-247.981200048,-117.490892001
15.3621358799,-251.225949241,-119.613389714
2.0
